675,6
675,5
604,10
604,9
604,4
604,8
604,7
604,6
494,7
494,6
494,5
492,20
492,19
492,16
492,18
492,15
492,17
492,12
492,13
492,14
492,10
492,11
492,5
492,9
492,4
492,8
492,7
492,6
478,8
478,7
478,6
474,9
474,8
467,18
467,12
467,17
467,16
467,10
467,15
467,14
467,13
467,11
467,4
467,9
467,5
467,8
467,7
467,6
460,28
460,27
460,26
460,25
460,5
460,24
460,23
460,22
460,21
460,20
460,19
460,18
460,17
460,16
460,15
460,14
460,13
460,12
460,11
460,10
460,9
460,8
460,7
398,59
398,128
398,131
398,55
398,92
398,91
398,90
398,89
398,88
398,130
398,52
398,87
398,86
398,85
398,84
398,129
398,41
398,83
398,82
398,81
398,80
398,79
398,78
398,77
398,48
398,76
398,63
398,75
398,44
398,74
398,73
398,72
398,71
398,70
398,69
398,68
398,67
398,62
398,33
398,61
398,66
398,60
398,65
398,64
398,58
398,9
398,57
398,56
398,54
398,8
398,53
398,51
398,7
398,50
398,49
398,47
398,6
398,46
398,45
398,43
398,42
398,40
398,5
398,39
398,38
398,23
398,37
398,36
398,35
398,34
398,32
398,20
398,31
398,30
398,29
398,28
398,27
398,26
398,25
398,24
398,22
398,21
398,17
398,19
398,18
398,16
398,4
398,15
398,14
398,13
398,12
398,11
398,10
377,6
377,5
337,12
337,11
337,10
241,116
241,115
241,114
241,113
241,112
241,111
241,110
241,109
241,108
241,107
241,106
241,105
241,104
241,103
241,102
241,101
241,100
241,99
241,98
241,97
241,96
241,95
241,94
241,93
241,92
241,91
241,90
241,89
241,88
241,87
241,86
241,85
241,84
241,83
241,82
241,81
241,80
241,79
241,78
241,77
241,76
241,75
241,74
241,73
241,72
241,71
241,70
241,69
241,68
241,67
241,66
241,65
241,64
241,36
241,35
241,34
241,33
241,32
241,31
241,30
241,29
241,28
241,27
241,26
241,25
241,24
241,23
241,22
241,21
241,20
241,19
241,18
241,17
241,16
241,15
241,14
241,13
241,12
241,11
241,10
241,9
241,8
241,7
241,6
241,5
14,110
695,9
695,8
695,7
695,6
695,5
695,4
695,3
695,2
695,1
695,0
14,109
694,9
694,8
694,7
694,6
694,5
694,4
694,3
694,2
694,1
694,0
14,108
693,9
693,8
693,7
693,6
693,5
693,4
693,3
693,2
693,1
693,0
14,107
692,9
692,8
692,7
692,6
692,5
692,4
692,3
692,2
692,1
692,0
14,106
691,9
691,8
691,7
691,6
691,5
691,4
691,3
691,2
691,1
691,0
14,105
690,9
690,8
690,7
690,6
690,5
690,4
690,3
690,2
690,1
690,0
689,4
689,3
689,2
689,1
689,0
688,5
688,4
688,3
688,2
688,1
688,0
687,4
687,3
687,2
687,1
687,0
686,5
686,4
686,3
686,2
686,1
686,0
685,4
685,3
685,2
685,1
685,0
684,4
684,3
684,2
684,1
684,0
683,4
683,3
683,2
683,1
683,0
682,4
682,3
682,2
682,1
682,0
681,5
681,4
681,3
681,2
681,1
681,0
680,4
680,3
680,2
680,1
680,0
679,4
679,3
679,2
679,1
679,0
678,3
678,2
678,1
678,0
677,3
677,2
677,1
677,0
676,3
676,2
676,1
676,0
675,4
675,3
675,2
675,1
675,0
674,3
674,2
674,1
674,0
673,5
673,4
673,3
673,2
673,1
673,0
672,9
672,8
672,7
672,6
672,5
672,4
672,3
672,2
672,1
672,0
671,4
671,3
671,2
671,1
671,0
670,9
670,8
670,7
670,6
670,5
670,4
670,3
670,2
670,1
670,0
669,3
669,2
669,1
669,0
668,9
668,8
668,7
668,6
668,5
668,4
668,3
668,2
668,1
668,0
667,3
667,2
667,1
667,0
666,9
666,8
666,7
666,6
666,5
666,4
666,3
666,2
666,1
666,0
665,4
665,3
665,2
665,1
665,0
664,4
664,3
664,2
664,1
664,0
663,9
663,8
663,7
663,6
663,5
663,4
663,3
663,2
663,1
663,0
662,3
662,2
662,1
662,0
661,9
661,8
661,7
661,6
661,5
661,4
661,3
661,2
661,1
661,0
660,4
660,3
660,2
660,1
660,0
659,4
659,3
659,2
659,1
659,0
658,5
658,4
658,3
658,2
658,1
658,0
657,5
657,4
657,3
657,2
657,1
657,0
656,5
656,4
656,3
656,2
656,1
656,0
655,4
655,3
655,2
655,1
655,0
14,104
654,5
654,4
654,3
654,2
654,1
654,0
653,5
653,4
653,3
653,2
653,1
653,0
14,103
652,5
652,4
652,3
652,2
652,1
652,0
651,4
651,3
651,2
651,1
651,0
650,6
650,5
650,4
650,3
650,2
650,1
650,0
649,4
649,3
649,2
649,1
649,0
648,6
648,5
648,4
648,3
648,2
648,1
648,0
647,4
647,3
647,2
647,1
647,0
646,4
646,3
646,2
646,1
646,0
645,4
645,3
645,2
645,1
645,0
644,4
644,3
644,2
644,1
644,0
643,3
643,2
643,1
643,0
642,5
642,4
642,3
642,2
642,1
642,0
641,5
641,4
641,3
641,2
641,1
641,0
640,4
640,3
640,2
640,1
640,0
639,5
639,4
639,3
639,2
639,1
639,0
638,4
638,3
638,2
638,1
638,0
637,3
637,2
637,1
637,0
636,5
636,4
636,3
636,2
636,1
636,0
14,102
635,5
635,4
635,3
635,2
635,1
635,0
634,3
634,2
634,1
634,0
633,5
633,4
633,3
633,2
633,1
633,0
632,3
632,2
632,1
632,0
631,5
631,4
631,3
631,2
631,1
631,0
630,4
630,3
630,2
630,1
630,0
629,4
629,3
629,2
629,1
629,0
628,3
628,2
628,1
628,0
627,5
627,4
627,3
627,2
627,1
627,0
626,5
626,4
626,3
626,2
626,1
626,0
625,5
625,4
625,3
625,2
625,1
625,0
624,4
624,3
624,2
624,1
624,0
623,4
623,3
623,2
623,1
623,0
622,3
622,2
622,1
622,0
621,4
621,3
621,2
621,1
621,0
620,3
620,2
620,1
620,0
619,4
619,3
619,2
619,1
619,0
618,4
618,3
618,2
618,1
618,0
617,4
617,3
617,2
617,1
617,0
616,5
616,4
616,3
616,2
616,1
616,0
0,272
615,3
615,2
615,1
615,0
614,4
614,3
614,2
614,1
614,0
613,4
613,3
613,2
613,1
613,0
612,3
612,2
612,1
612,0
611,5
611,4
611,3
611,2
611,1
611,0
610,5
610,4
610,3
610,2
610,1
610,0
609,5
609,4
609,3
609,2
609,1
609,0
608,4
608,3
608,2
608,1
608,0
607,5
607,4
607,3
607,2
607,1
607,0
606,3
606,2
606,1
606,0
605,5
605,4
605,3
605,2
605,1
605,0
604,5
604,3
604,2
604,1
604,0
603,6
603,5
603,4
603,3
603,2
603,1
603,0
602,5
602,4
602,3
602,2
602,1
602,0
601,6
601,5
601,4
601,3
601,2
601,1
601,0
600,3
600,2
600,1
600,0
599,4
599,3
599,2
599,1
599,0
598,4
598,3
598,2
598,1
598,0
597,4
597,3
597,2
597,1
597,0
596,4
596,3
596,2
596,1
596,0
595,3
595,2
595,1
595,0
0,271
594,5
594,4
594,3
594,2
594,1
594,0
593,5
593,4
593,3
593,2
593,1
593,0
0,696
0,703
14,101
0,702
592,5
592,4
592,3
592,2
0,701
592,1
592,0
591,5
591,4
591,3
591,2
0,700
591,1
591,0
0,699
0,698
590,4
590,3
590,2
590,1
590,0
0,697
589,5
589,4
589,3
589,2
589,1
589,0
14,100
588,4
588,3
588,2
588,1
588,0
0,695
0,694
587,5
587,4
587,3
587,2
587,1
587,0
14,99
586,5
586,4
586,3
586,2
586,1
586,0
0,693
585,5
585,4
585,3
585,2
585,1
585,0
0,692
584,4
584,3
584,2
584,1
584,0
0,691
0,690
0,689
583,5
583,4
583,3
583,2
583,1
583,0
582,5
582,4
582,3
582,2
582,1
582,0
581,4
581,3
581,2
581,1
581,0
0,688
0,687
580,6
580,5
580,4
580,3
580,2
580,1
580,0
0,686
579,5
579,4
579,3
579,2
579,1
579,0
578,6
578,5
578,4
578,3
578,2
578,1
578,0
0,685
0,684
577,5
577,4
577,3
577,2
577,1
577,0
576,11
576,10
576,9
576,8
576,7
576,6
576,5
576,4
576,3
576,2
576,1
576,0
575,4
575,3
575,2
575,1
575,0
0,683
0,682
574,10
574,9
574,8
574,7
574,6
574,5
574,4
574,3
574,2
574,1
574,0
0,681
0,680
0,679
573,4
573,3
573,2
573,1
573,0
14,98
572,10
572,9
572,8
572,7
572,6
572,5
572,4
572,3
572,2
572,1
572,0
571,4
571,3
571,2
571,1
571,0
14,97
570,10
570,9
570,8
570,7
570,6
570,5
570,4
570,3
570,2
570,1
570,0
569,5
569,4
569,3
569,2
569,1
569,0
0,678
14,96
568,10
568,9
568,8
568,7
568,6
568,5
568,4
568,3
568,2
568,1
568,0
567,4
567,3
567,2
567,1
567,0
14,95
566,10
566,9
566,8
566,7
566,6
566,5
566,4
566,3
566,2
566,1
566,0
565,3
565,2
565,1
565,0
0,677
0,676
564,4
564,3
564,2
564,1
564,0
0,675
0,674
0,673
563,5
563,4
563,3
563,2
563,1
563,0
562,5
562,4
562,3
562,2
562,1
562,0
561,4
561,3
561,2
561,1
561,0
0,672
560,5
560,4
560,3
560,2
560,1
560,0
559,3
559,2
559,1
559,0
0,671
0,670
0,669
558,5
558,4
558,3
558,2
0,668
558,1
558,0
557,5
557,4
557,3
557,2
557,1
557,0
556,5
556,4
556,3
556,2
556,1
556,0
555,5
555,4
555,3
555,2
555,1
555,0
554,5
554,4
554,3
554,2
554,1
554,0
553,3
553,2
0,667
553,1
553,0
0,666
552,5
552,4
552,3
552,2
552,1
552,0
0,665
551,4
551,3
551,2
551,1
551,0
0,664
0,663
550,5
550,4
550,3
550,2
550,1
550,0
0,662
0,661
0,660
0,659
549,4
549,3
549,2
549,1
549,0
548,4
548,3
548,2
548,1
548,0
0,658
0,657
547,5
547,4
547,3
547,2
547,1
547,0
546,5
546,4
546,3
546,2
546,1
546,0
14,94
0,656
0,655
545,4
545,3
545,2
545,1
545,0
544,5
544,4
544,3
544,2
544,1
544,0
0,654
0,653
543,4
543,3
543,2
543,1
543,0
0,652
542,4
542,3
542,2
542,1
542,0
14,93
541,4
541,3
541,2
541,1
541,0
0,651
540,4
540,3
540,2
540,1
540,0
539,5
539,4
539,3
539,2
539,1
539,0
0,650
14,92
0,649
538,5
538,4
538,3
538,2
538,1
538,0
537,5
537,4
